0.000000 0.959732
0.081633 0.884779
0.163265 0.994568
0.244898 1.162626
0.326531 1.156575
0.408163 0.892463
0.489796 1.094429
0.571429 0.982269
0.653061 0.973845
0.734694 1.000916
0.816327 0.939151
0.897959 1.024658
0.979592 0.899927
1.061224 0.771314
1.142857 0.730314
1.224490 0.638360
1.306122 0.666657
1.387755 0.403170
1.469388 0.356663
1.551020 0.137956
1.632653 -0.136437
1.714286 0.078383
1.795918 -0.006523
1.877551 -0.272125
1.959184 -0.073648
2.040816 -0.545392
2.122449 -0.490212
2.204082 -0.602772
2.285714 -0.513469
2.367347 -0.595004
2.448980 -0.793289
2.530612 -0.828712
2.612245 -1.003301
2.693878 -1.150307
2.775510 -1.014010
2.857143 -0.979557
2.938776 -0.876939
3.020408 -0.873255
3.102041 -1.014572
3.183673 -0.977437
3.265306 -1.012772
3.346939 -1.000413
3.428571 -0.969875
3.510204 -0.536014
3.591837 -0.705674
3.673469 -0.614768
3.755102 -0.606067
3.836735 -0.307456
3.918367 -0.446679
4.000000 -0.203437
